7 10 43
8 10 44
9 10 44
10 10 45
20 10 43
21 10 44
22 10 45
7 11 116
8 11 117
9 11 117
10 11 118
20 11 116
21 11 117
22 11 118
14 13 68
15 13 68
29 13 68
18 15 642
19 15 643
20 15 644
2 16 1333
3 16 1334
11 16 68
12 16 68
18 16 715
19 16 716
20 16 717
1 17 1333
2 17 1480
3 17 1407
4 17 1333
5 17 1334
6 17 1333
7 17 1334
16 17 1077
17 17 1078
18 17 1079
19 17 716
20 17 717
24 17 1365
25 17 1366
26 17 1367
28 17 858
29 17 859
30 17 859
31 17 859
32 17 860
1 18 1406
2 18 1479
3 18 1480
4 18 1408
5 18 1407
6 18 1406
7 18 1479
8 18 1334
16 18 1150
17 18 1151
18 18 1152
19 18 716
20 18 717
24 18 1438
25 18 1439
26 18 1440
28 18 931
29 18 932
30 18 932
31 18 932
32 18 933
1 19 1406
2 19 1408
3 19 1408
4 19 1408
5 19 1479
6 19 1480
7 19 1408
8 19 1407
10 19 1410
11 19 1410
12 19 1410
16 19 1223
17 19 1224
18 19 1225
19 19 789
20 19 790
24 19 1511
25 19 1512
26 19 1513
28 19 1004
29 19 1005
30 19 1005
31 19 1005
32 19 1006
0 20 684
1 20 685
2 20 685
3 20 685
4 20 685
5 20 685
6 20 685
7 20 685
8 20 685
9 20 685
10 20 685
11 20 685
12 20 685
13 20 685
14 20 685
15 20 685
16 20 685
17 20 685
18 20 685
19 20 685
20 20 685
21 20 685
22 20 685
23 20 685
24 20 685
25 20 685
26 20 685
27 20 685
28 20 685
29 20 685
30 20 685
31 20 685
32 20 685
33 20 685
34 20 685
35 20 685
